AVA0000.def 011111111111111111111111111111111111111111111111 100000000000000000000000000000000000000000000000 00111111111 00000000001 5 0 4 0
AVA0002.def 011111111111111111111111111111111111111111111111 100000000000000000000000000000000000000000000000 00111111111 00000000001 5 2 4 0
AVA0003.def 011111111111111111111111111111111111111111111111 100000000000000000000000000000000000000000000000 00111111111 00000000001 5 3 4 0
AVA0004.def 011111111111111111111111111111111111111111111111 100000000000000000000000000000000000000000000000 00111111111 00000000001 5 4 4 0
AVA0005.def 011111111111111111111111111111111111111111111111 100000000000000000000000000000000000000000000000 00111111111 00000000001 5 5 4 0
AVA0006.def 011111111111111111111111111111111111111111111111 100000000000000000000000000000000000000000000000 00111111111 00000000001 5 6 4 0
ZArt141.def 011111111111111111111111111111111111111111111111 100000000000000000000000000000000000000000000000 00111111111 00011111111 5 141 4 0
ZArt142.def 011111111111111111111111111111111111111111111111 100000000000000000000000000000000000000000000000 00111111111 00011111111 5 142 4 0
ZArt143.def 011111111111111111111111111111111111111111111111 100000000000000000000000000000000000000000000000 00111111111 00011111111 5 143 4 0
ZArt146.def 011111111111111111111111111111111111111111111111 100000000000000000000000000000000000000000000000 00111111111 00011111111 5 146 4 0
ZArt147.def 011111111111111111111111111111111111111111111111 100000000000000000000000000000000000000000000000 00111111111 00011111111 5 147 4 0
ZArt148.def 011111111111111111111111111111111111111111111111 100000000000000000000000000000000000000000000000 00111111111 00011111111 5 148 4 0
ZArt149.def 011111111111111111111111111111111111111111111111 100000000000000000000000000000000000000000000000 00111111111 00011111111 5 149 4 0
ZArt150.def 011111111111111111111111111111111111111111111111 100000000000000000000000000000000000000000000000 00111111111 00011111111 5 150 4 0
ZArt151.def 011111111111111111111111111111111111111111111111 100000000000000000000000000000000000000000000000 00111111111 00011111111 5 151 4 0
ZArt152.def 011111111111111111111111111111111111111111111111 100000000000000000000000000000000000000000000000 00111111111 00011111111 5 152 4 0
ZArt153.def 011111111111111111111111111111111111111111111111 100000000000000000000000000000000000000000000000 00111111111 00011111111 5 153 4 0
ZArt154.def 011111111111111111111111111111111111111111111111 100000000000000000000000000000000000000000000000 00111111111 00011111111 5 154 4 0
ZArt155.def 011111111111111111111111111111111111111111111111 100000000000000000000000000000000000000000000000 00111111111 00011111111 5 155 4 0
ZArt156.def 011111111111111111111111111111111111111111111111 100000000000000000000000000000000000000000000000 00111111111 00011111111 5 156 4 0
ZArt157.def 011111111111111111111111111111111111111111111111 100000000000000000000000000000000000000000000000 00111111111 00011111111 5 157 4 0
ZArt158.def 011111111111111111111111111111111111111111111111 100000000000000000000000000000000000000000000000 00111111111 00011111111 5 158 4 0
ZArt159.def 011111111111111111111111111111111111111111111111 100000000000000000000000000000000000000000000000 00111111111 00011111111 5 159 4 0
ZArt160.def 011111111111111111111111111111111111111111111111 100000000000000000000000000000000000000000000000 00111111111 00011111111 5 160 4 0
ZArt161.def 011111111111111111111111111111111111111111111111 100000000000000000000000000000000000000000000000 00111111111 00011111111 5 161 4 0
ZArt162.def 011111111111111111111111111111111111111111111111 100000000000000000000000000000000000000000000000 00111111111 00011111111 5 162 4 0
ZArt163.def 011111111111111111111111111111111111111111111111 100000000000000000000000000000000000000000000000 00111111111 00011111111 5 163 4 0
ZArt164.def 011111111111111111111111111111111111111111111111 100000000000000000000000000000000000000000000000 00111111111 00011111111 5 164 4 0
ZArt165.def 011111111111111111111111111111111111111111111111 100000000000000000000000000000000000000000000000 00111111111 00011111111 5 165 4 0
ZArt166.def 011111111111111111111111111111111111111111111111 100000000000000000000000000000000000000000000000 00111111111 00011111111 5 166 4 0
ZArt167.def 011111111111111111111111111111111111111111111111 100000000000000000000000000000000000000000000000 00111111111 00011111111 5 167 4 0
ZArt168.def 011111111111111111111111111111111111111111111111 100000000000000000000000000000000000000000000000 00111111111 00011111111 5 168 4 0
ZArt169.def 011111111111111111111111111111111111111111111111 100000000000000000000000000000000000000000000000 00111111111 00011111111 5 169 4 0
ZArt170.def 011111111111111111111111111111111111111111111111 100000000000000000000000000000000000000000000000 00111111111 00011111111 5 170 4 0
ZCrBank1.def 100111111001111111111111111111111111111111111111 010000000000000000000000000000000000000000000000 00111111111 00011111111 16 11 0 0
ZCrBank2.def 100111111001111111111111111111111111111111111111 001000000000000000000000000000000000000000000000 00111111111 00011111111 16 12 0 0
ZCrBGod1.def 111011111010011100000011000001111100111111111111 000000000000000000100000000000000000000000000000 00111111111 00011111111 16 13 0 0
ZCrBGod2.def 111011111010011100000011000001111100111111111111 000000000000000000100000000000000000000000000000 00111111111 00011111111 16 14 0 0
ZCrBGod3.def 111011111010011100000011000001111100111111111111 000000000000000000100000000000000000000000000000 00111111111 00011111111 16 15 0 0
ZCrBGod4.def 111011111010011100000011000001111100111111111111 000000000000000000100000000000000000000000000000 00111111111 00011111111 16 16 0 0
ZCrBVm17.def 001111111111111111111111111111111111111111111111 010000000000000000000000000000000000000000000000 00111111111 00011111111 16 17 0 0
ZCrBVm18.def 001111111111111111111111111111111111111111111111 010000000000000000000000000000000000000000000000 00111111111 00011111111 16 18 0 0
ZCrBJn19.def 011111111111111111111111111111111111111111111111 100000000000000000000000000000000000000000000000 00100000000 00100000000 16 19 0 0
ZCrBank3.def 111111111000011110000111111111111111111111111111 000000000010000000000000000000000000000000000000 00111111111 00011111111 16 20 0 0
ZAVG150Z.def 100111111111111111111111111111111111111111111111 010000000000000000000000000000000000000000000000 00111111111 00011111111 17 80 0 0
ZAVG151Z.def 001111111111111111111111111111111111111111111111 010000000000000000000000000000000000000000000000 00111111111 00011111111 17 81 0 0
ZAVG152Z.def 001111111011111111111111111111111111111111111111 100000000000000000000000000000000000000000000000 00111111111 00011111111 17 82 0 0
ZAVG153Z.def 001111111111111111111111111111111111111111111111 100000000000000000000000000000000000000000000000 00111111111 00011111111 17 83 0 0
ZAVG154Z.def 001111111111111111111111111111111111111111111111 010000000000000000000000000000000000000000000000 00111111111 00011111111 17 84 0 0
ZAVG155Z.def 100111111111111111111111111111111111111111111111 010000000000000000000000000000000000000000000000 00111111111 00011111111 17 85 0 0
ZAVG156Z.def 100111111111111111111111111111111111111111111111 010000000000000000000000000000000000000000000000 00111111111 00011111111 17 86 0 0
ZAVG157Z.def 001111111111111111111111111111111111111111111111 010000000000000000000000000000000000000000000000 00111111111 00011111111 17 87 0 0
ZAVG158Z.def 100111111111111111111111111111111111111111111111 010000000000000000000000000000000000000000000000 00111111111 00011111111 17 88 0 0
ZAVG171Z.def 001111111111111111111111111111111111111111111111 010000000000000000000000000000000000000000000000 00111111111 00011111111 17 89 0 0
ZAVG170Z.def 001111111111111111111111111111111111111111111111 010000000000000000000000000000000000000000000000 00111111111 00011111111 17 90 0 0
ZAVG172A.def 000111111111111111111111111111111111111111111111 010000000000000000000000000000000000000000000000 00111111111 00011111111 17 91 0 0
ZAVG172B.def 000111111111111111111111111111111111111111111111 010000000000000000000000000000000000000000000000 00111111111 00011111111 17 91 0 0
ZAVG173A.def 001111111111111111111111111111111111111111111111 010000000000000000000000000000000000000000000000 00111111111 00011111111 17 92 0 0
ZAVG174A.def 001111111111111111111111111111111111111111111111 010000000000000000000000000000000000000000000000 00111111111 00011111111 17 93 0 0
ZAVG169.def 100111111111111111111111111111111111111111111111 010000000000000000000000000000000000000000000000 00111111111 00011111111 17 94 0 0
ZAVG173.def 001111110011111111111111111111111111111111111111 100000000000000000000000000000000000000000000000 00111111111 00011111111 17 95 0 0
ZAVG192.def 001111111111111111111111111111111111111111111111 100000000000000000000000000000000000000000000000 00111111111 00011111111 17 96 0 0
ZAVG193.def 001111111111111111111111111111111111111111111111 010000000000000000000000000000000000000000000000 00111111111 00011111111 17 97 0 0
ZAVG194.def 001111111111111111111111111111111111111111111111 100000000000000000000000000000000000000000000000 00111111111 00011111111 17 98 0 0
ZAVG195.def 000111110001111111111111111111111111111111111111 010000000000000000000000000000000000000000000000 00111111111 00011111111 17 99 0 0
ZAVG196.def 001111111111111111111111111111111111111111111111 010000000000000000000000000000000000000000000000 00111111111 00011111111 17 100 0 0
ZFntnG01.def 001111111111111111111111111111111111111111111111 010000000000000000000000000000000000000000000000 00111111111 00000001000 30 0 0 0
ZGarn001.def 000111111111111111111111111111111111111111111111 010000000000000000000000000000000000000000000000 00111111111 00011111111 33 0 0 0
ZGarn003.def 001111110111111111111111111111111111111111111111 100000000000000000000000000000000000000000000000 00011111111 00011111111 33 0 0 0
AVCvgr.def 011111110111111101111111111111111111111111111111 000000001000000000000000000000000000000000000000 00111111111 00011111111 33 2 0 0
avcvgarm.def 011111110111111101111111111111111111111111111111 000000001000000000000000000000000000000000000000 00111111111 00011111111 33 3 0 0
ZGarn002.def 011111110111111101111111111111111111111111111111 000000001000000000000000000000000000000000000000 00111111111 00011111111 33 4 0 0
Zfohill0.def 001111111111111111111111111111111111111111111111 100000000000000000000000000000000000000000000000 00111111111 00000001000 35 0 0 0
Z358O2.def 011111111111111111111111111111111111111111111111 100000000000000000000000000000000000000000000000 00111111111 00011111111 38 1 0 0
ZSnow001.def 111111111111111111111111111111111111111111111111 000000000000000000000000000000000000000000000000 00111111111 00000001000 40 0 0 0
lavam.def 111111111111111111111111111111111111111111111111 000000000000000000000000000000000000000000000000 00111111111 00010000000 40 1 0 1
ZRain00.def 111111111111111111111111111111111111111111111111 000000000000000000000000000000000000000000000000 00111111111 00000010000 40 2 0 0
Z358O3.def 000011110011111111111111111111111111111111111111 010000000000000000000000000000000000000000000000 00111111111 00011111111 41 1 0 0
ZTPort01.def 101111111111111111111111111111111111111111111111 010000000000000000000000000000000000000000000000 00011111111 00011111111 45 7 0 0
ZObj045.def 011111111111111111111111111111111111111111111111 100000000000000000000000000000000000000000000000 00111111111 00011111111 49 1 0 0
ZMermd01.def 000111110001111111111111111111111111111111111111 010000000000000000000000000000000000000000000000 00100000000 00100000000 52 0 0 0
ZMermd02.def 101111111111111111111111111111111111111111111111 010000000000000000000000000000000000000000000000 00100000000 00100000000 52 0 0 0
ZMM150Z.def 011111111111111111111111111111111111111111111111 100000000000000000000000000000000000000000000000 00111111111 00011111111 54 150 2 0
ZMM151Z.def 011111111111111111111111111111111111111111111111 100000000000000000000000000000000000000000000000 00111111111 00011111111 54 151 2 0
ZMM152Z.def 011111111111111111111111111111111111111111111111 100000000000000000000000000000000000000000000000 00111111111 00011111111 54 152 2 0
ZMM153Z.def 011111111111111111111111111111111111111111111111 100000000000000000000000000000000000000000000000 00111111111 00011111111 54 153 2 0
ZMM154Z.def 011111111111111111111111111111111111111111111111 100000000000000000000000000000000000000000000000 00111111111 00011111111 54 154 2 0
ZMM155Z.def 011111111111111111111111111111111111111111111111 100000000000000000000000000000000000000000000000 00111111111 00011111111 54 155 2 0
ZMM156Z.def 011111111111111111111111111111111111111111111111 100000000000000000000000000000000000000000000000 00111111111 00011111111 54 156 2 0
ZMM157Z.def 011111111111111111111111111111111111111111111111 100000000000000000000000000000000000000000000000 00111111111 00011111111 54 157 2 0
ZMM158Z.def 011111111111111111111111111111111111111111111111 100000000000000000000000000000000000000000000000 00111111111 00011111111 54 158 2 0
Z358O8.def 011111111111111111111111111111111111111111111111 100000000000000000000000000000000000000000000000 00111111111 00000000001 54 159 2 0
ZMM164D.def 011111111111111111111111111111111111111111111111 100000000000000000000000000000000000000000000000 00111111111 00011111111 54 164 2 0
ZMM165D.def 011111111111111111111111111111111111111111111111 100000000000000000000000000000000000000000000000 00111111111 00011111111 54 165 2 0
ZMM166D.def 011111111111111111111111111111111111111111111111 100000000000000000000000000000000000000000000000 00111111111 00011111111 54 166 2 0
ZMM167D.def 011111111111111111111111111111111111111111111111 100000000000000000000000000000000000000000000000 00111111111 00011111111 54 167 2 0
ZMM168G.def 011111111111111111111111111111111111111111111111 100000000000000000000000000000000000000000000000 00111111111 00011111111 54 168 2 0
ZMM169Z.def 011111111111111111111111111111111111111111111111 100000000000000000000000000000000000000000000000 00111111111 00011111111 54 169 2 0
ZMM170S.def 011111111111111111111111111111111111111111111111 100000000000000000000000000000000000000000000000 00111111111 00011111111 54 170 2 0
ZMM171S.def 011111111111111111111111111111111111111111111111 100000000000000000000000000000000000000000000000 00111111111 00011111111 54 171 2 0
ZMM172N.def 011111111111111111111111111111111111111111111111 100000000000000000000000000000000000000000000000 00111111111 00011111111 54 172 2 0
ZMM173M.def 011111111111111111111111111111111111111111111111 100000000000000000000000000000000000000000000000 00111111111 00011111111 54 173 2 0
ZMM192Z.def 011111111111111111111111111111111111111111111111 100000000000000000000000000000000000000000000000 00111111111 00000000001 54 192 2 0
ZMM193Z.def 011111111111111111111111111111111111111111111111 100000000000000000000000000000000000000000000000 00111111111 00000000001 54 193 2 0
ZMM194Z.def 011111111111111111111111111111111111111111111111 100000000000000000000000000000000000000000000000 00111111111 00000000001 54 194 2 0
ZMM195Z.def 011111111111111111111111111111111111111111111111 100000000000000000000000000000000000000000000000 00111111111 00000000001 54 195 2 0
ZMM196Z.def 011111111111111111111111111111111111111111111111 100000000000000000000000000000000000000000000000 00111111111 00000000001 54 196 2 0
ZH4Obj01.def 100011111000111111111111111111111111111111111111 001000000000000000000000000000000000000000000000 00111111111 00000000010 63 1 0 0
ZH4Obj02.def 000111110001111111111111111111111111111111111111 010000000000000000000000000000000000000000000000 00111111111 00000010101 63 2 0 0
ZObj001.def 111111111000111111111111111111111111111111111111 000000000010000000000000000000000000000000000000 00111111111 00011111111 63 3 0 0
ZObj002.def 110111110101011110101111111111111111111111111111 000000000010000000000000000000000000000000000000 00111111111 00011111111 63 4 0 0
ZObj003.def 101011110000011110001111111111111111111111111111 000000000010000000000000000000000000000000000000 00111111111 00011111111 63 5 0 0
ZObj004.def 111111110000111111111111111111111111111111111111 000000000010000000000000000000000000000000000000 00111111111 00011111111 63 6 0 0
ZObj005.def 110111111010011111111111111111111111111111111111 000000000001000000000000000000000000000000000000 00111111111 00011111111 63 7 0 0
ZObj006.def 111111111000011111111111111111111111111111111111 000000000010000000000000000000000000000000000000 00111111111 00011111111 63 8 0 0
ZObj007.def 101111111111111111111111111111111111111111111111 010000000000000000000000000000000000000000000000 00111111111 00011111111 63 9 0 0
ZSphnx10.def 001111111111111111111111111111111111111111111111 010000000000000000000000000000000000000000000000 00111111111 00001000010 63 10 0 0
ZSphnx11.def 001111111111111111111111111111111111111111111111 010000000000000000000000000000000000000000000000 00111111111 00110100000 63 11 0 0
ZSphnx12.def 001111111111111111111111111111111111111111111111 010000000000000000000000000000000000000000000000 00111111111 00000010101 63 12 0 0
ZSphnx13.def 001111111111111111111111111111111111111111111111 010000000000000000000000000000000000000000000000 00111111111 00000001000 63 13 0 0
ZObj008.def 101111111111111111111111111111111111111111111111 010000000000000000000000000000000000000000000000 00111111111 00011111111 63 14 1 0
ZObj009.def 101111111111111111111111111111111111111111111111 010000000000000000000000000000000000000000000000 00111111111 00011111111 63 15 1 0
ZObj010.def 000111111011111111111111111111111111111111111111 001000000000000000000000000000000000000000000000 00111111111 00011111111 63 16 1 0
ZObj011.def 000111111011111111111111111111111111111111111111 001000000000000000000000000000000000000000000000 00111111111 00011111111 63 17 1 0
ZObj012.def 101111111111111111111111111111111111111111111111 010000000000000000000000000000000000000000000000 00111111111 00011111111 63 18 1 0
ZObj013.def 001111110011111111111111111111111111111111111111 010000000000000000000000000000000000000000000000 00111111111 00011111111 63 19 1 0
ZObj014.def 001111111111111111111111111111111111111111111111 010000000000000000000000000000000000000000000000 00111111111 00011111111 63 20 1 0
ZObj015.def 101111110001111111111111111111111111111111111111 010000000000000000000000000000000000000000000000 00111111111 00011111111 63 21 1 0
ZObj016.def 011111111111111111111111111111111111111111111111 100000000000000000000000000000000000000000000000 00111111111 00011111111 63 22 1 0
ZObj017.def 101111111011111111111111111111111111111111111111 010000000000000000000000000000000000000000000000 00111111111 00011111111 63 23 1 0
ZObj018.def 101111111111111111111111111111111111111111111111 010000000000000000000000000000000000000000000000 00111111111 00011111111 63 24 1 0
ZObj019.def 000111111111111111111111111111111111111111111111 001000000000000000000000000000000000000000000000 00111111111 00011111111 63 25 1 0
ZObj020.def 000111111111111111111111111111111111111111111111 001000000000000000000000000000000000000000000000 00111111111 00011111111 63 26 1 0
ZObj021.def 011111111111111111111111111111111111111111111111 100000000000000000000000000000000000000000000000 00111111111 00011111111 63 27 1 0
ZObj022.def 001111111111111111111111111111111111111111111111 010000000000000000000000000000000000000000000000 00111111111 00011111111 63 28 1 0
ZObj023.def 101111111111111111111111111111111111111111111111 010000000000000000000000000000000000000000000000 00111111111 00011111111 63 29 1 0
ZObj024.def 101111111011111111111111111111111111111111111111 010000000000000000000000000000000000000000000000 00111111111 00011111111 63 30 1 0
ZObj025.def 100111111000111111011111111111111111111111111111 010000000000000000000000000000000000000000000000 00111111111 00011111111 63 31 1 0
ZObj026.def 100111111000011111011111111111111111111111111111 010000000000000000000000000000000000000000000000 00111111111 00011111111 63 32 1 0
ZObj027.def 100011111000111111011111111111111111111111111111 010000000000000000000000000000000000000000000000 00111111111 00011111111 63 33 1 0
ZObj028.def 000111111000111111011111111111111111111111111111 010000000000000000000000000000000000000000000000 00111111111 00011111111 63 34 1 0
ZObj029.def 110011111000011111011111111111111111111111111111 000100000000000000000000000000000000000000000000 00111111111 00011111111 63 35 1 0
ZObj030.def 100011110000111101111111111111111111111111111111 010000000000000000000000000000000000000000000000 00111111111 00011111111 63 36 1 0
ZObj031.def 000011110001111110111111111111111111111111111111 100000000000000000000000000000000000000000000000 00111111111 00011111111 63 37 1 0
ZObj032.def 000011111001111111111111111111111111111111111111 010000000000000000000000000000000000000000000000 00111111111 00011111111 63 38 1 0
ZObj033.def 000111111000111111111111111111111111111111111111 001000000000000000000000000000000000000000000000 00111111111 00011111111 63 39 1 0
ZObj034.def 100111110000111110111111111111111111111111111111 010000000000000000000000000000000000000000000000 00111111111 00011111111 63 40 1 0
ZObj035.def 100111110000111110111111111111111111111111111111 001000000000000000000000000000000000000000000000 00111111111 00011111111 63 41 1 0
ZObj036.def 000111111000111111011111111111111111111111111111 001000000000000000000000000000000000000000000000 00111111111 00011111111 63 42 1 0
ZObj037.def 000011110001111111111111111111111111111111111111 100000000000000000000000000000000000000000000000 00111111111 00011111111 63 43 1 0
ZObj038.def 100111110001111110111111111111111111111111111111 001000000000000000000000000000000000000000000000 00111111111 00011111111 63 44 1 0
ZObj039.def 001111111011111111111111111111111111111111111111 010000000000000000000000000000000000000000000000 00111111111 00011111111 63 45 1 0
ZObj040.def 001111111011111111111111111111111111111111111111 100000000000000000000000000000000000000000000000 00111111111 00011111111 63 46 1 0
ZObj041.def 100111111001111111111111111111111111111111111111 010000000000000000000000000000000000000000000000 00111111111 00011111111 63 47 1 0
ZObj042.def 011111111111111111111111111111111111111111111111 100000000000000000000000000000000000000000000000 00111111111 00011111111 63 48 1 0
ZObj043.def 001111111111111111111111111111111111111111111111 010000000000000000000000000000000000000000000000 00111111111 00011111111 63 49 1 0
Skull.def 101111111011111111111111111111111111111111111111 010000000000000000000000000000000000000000000000 00111111111 00011111111 63 50 1 0
AVXMKTT0.def 001111111111111111111111111111111111111111111111 100000000000000000000000000000000000000000000000 00111111111 00011111111 63 51 1 0
ZArtif1.def 100011111111111111111111111111111111111111111111 001000000000000000000000000000000000000000000000 00111111111 00011111111 63 52 1 0
ZLWork1.def 000111111111111111111111111111111111111111111111 010000000000000000000000000000000000000000000000 00111111111 00011111111 63 53 1 0
ZMark1.def 000111111111111111111111111111111111111111111111 010000000000000000000000000000000000000000000000 00111111111 00011111111 63 54 1 0
ZyZop1.def 101111111111111111111111111111111111111111111111 010000000000000000000000000000000000000000000000 00111111111 00011111111 63 55 1 0
ZyZop2.def 101111111111111111111111111111111111111111111111 010000000000000000000000000000000000000000000000 00111111111 00011111111 63 56 1 0
ZCave1.def 000111111111111111111111111111111111111111111111 010000000000000000000000000000000000000000000000 00111111111 00011111111 63 57 1 0
ZCave2.def 000111111111111111111111111111111111111111111111 010000000000000000000000000000000000000000000000 00111111111 00011111111 63 58 1 0
ZCave3.def 000111111111111111111111111111111111111111111111 010000000000000000000000000000000000000000000000 00111111111 00011111111 63 59 1 0
ZCave4.def 000111111111111111111111111111111111111111111111 010000000000000000000000000000000000000000000000 00111111111 00011111111 63 60 1 0
ZCave5.def 100001111111111111111111111111111111111111111111 010000000000000000000000000000000000000000000000 00111111111 00011111111 63 61 1 0
ZTower1.def 001111111111111111111111111111111111111111111111 100000000000000000000000000000000000000000000000 00111111111 00011111111 63 62 1 0
ZObj044.def 000111110011111111111111111111111111111111111111 100000000000000000000000000000000000000000000000 00111111111 00011111111 63 63 1 0
ZObj049.def 001111110111111111111111111111111111111111111111 010000000000000000000000000000000000000000000000 00111111111 00011111111 63 64 1 0
ZObj050.def 001111111111111111111111111111111111111111111111 100000000000000000000000000000000000000000000000 00111111111 00011111111 63 65 1 0
SFzerk.def 011111110011111111111111111111111111111111111111 100000000000000000000000000000000000000000000000 00111111111 00011111111 63 66 1 0
Z358O9.def 000111111011111111111111111111111111111111111111 010000000000000000000000000000000000000000000000 00111111111 00011111111 63 67 1 0
Z358O10.def 100011110001111111111111111111111111111111111111 010000000000000000000000000000000000000000000000 00111111111 00011111111 63 68 1 0
Z358O11.def 111111111001111111111111111111111111111111111111 000000000100000000000000000000000000000000000000 00111111111 00011111111 63 69 1 1
Z358O12.def 111111111001111111111111111111111111111111111111 000000000100000000000000000000000000000000000000 00111111111 00011111111 63 70 1 1
Z358O13.def 111111111001111111111111111111111111111111111111 000000000100000000000000000000000000000000000000 00111111111 00011111111 63 71 1 1
Z358O14.def 111111111001111111111111111111111111111111111111 000000000100000000000000000000000000000000000000 00111111111 00011111111 63 72 1 1
Z358O15.def 111111111001111111111111111111111111111111111111 000000000100000000000000000000000000000000000000 00111111111 00011111111 63 73 1 1
Z358O16.def 111111111001111111111111111111111111111111111111 000000000100000000000000000000000000000000000000 00111111111 00011111111 63 74 1 1
Zmithr.def 011111111111111111111111111111111111111111111111 100000000000000000000000000000000000000000000000 00111111111 00011111111 79 7 5 0
ZSeer001.def 101111111111111111111111111111111111111111111111 010000000000000000000000000000000000000000000000 00011100000 00011111111 83 0 0 0
ZSeer002.def 111111111000111111111111111111111111111111111111 000000000010000000000000000000000000000000000000 00111111111 00011111111 83 1 0 0
ZObj046.def 011111111111111111111111111111111111111111111111 100000000000000000000000000000000000000000000000 00111111111 00011111111 90 1 0 0
ZObj047.def 011111111111111111111111111111111111111111111111 100000000000000000000000000000000000000000000000 00111111111 00000001000 91 0 0 0
ZObj048.def 011111111111111111111111111111111111111111111111 100000000000000000000000000000000000000000000000 00111111111 00000000100 91 0 0 0
Z358O7.def 001111111111111111111111111111111111111111111111 010000000000000000000000000000000000000000000000 00111111111 00011111111 95 1 0 0
ZDenT001.def 001111111111111111111111111111111111111111111111 100000000000000000000000000000000000000000000000 00111111111 00011111111 97 0 0 0
Z358O1.def 011111111111111111111111111111111111111111111111 100000000000000000000000000000000000000000000000 00111111111 00011111111 100 1 0 0
Zchst1.def 011111111111111111111111111111111111111111111111 100000000000000000000000000000000000000000000000 00111111111 00011111111 101 1 5 0
Zchst2.def 011111111111111111111111111111111111111111111111 100000000000000000000000000000000000000000000000 00111111111 00011111111 101 2 5 0
Zchst3.def 011111111111111111111111111111111111111111111111 100000000000000000000000000000000000000000000000 00111111111 00011111111 101 3 5 0
Zchst4.def 011111111111111111111111111111111111111111111111 100000000000000000000000000000000000000000000000 00111111111 00011111111 101 4 5 0
Zchst5.def 011111111111111111111111111111111111111111111111 100000000000000000000000000000000000000000000000 00111111111 00011111111 101 5 5 0
Zchst6.def 011111111111111111111111111111111111111111111111 100000000000000000000000000000000000000000000000 00111111111 00011111111 101 6 5 0
ZCBON000.def 011111111111111111111111111111111111111111111111 100000000000000000000000000000000000000000000000 00111111111 00011111111 101 7 5 0
ZCBON001.def 011111111111111111111111111111111111111111111111 100000000000000000000000000000000000000000000000 00111111111 00011111111 101 8 5 0
ZCBON002.def 011111111111111111111111111111111111111111111111 100000000000000000000000000000000000000000000000 00111111111 00011111111 101 9 5 0
ZCBON003.def 011111111111111111111111111111111111111111111111 100000000000000000000000000000000000000000000000 00111111111 00011111111 101 10 5 0
Z358O6.def 101111111111111111111111111111111111111111111111 010000000000000000000000000000000000000000000000 00111111111 00000001000 102 0 0 0
Z358O5.def 000111111011111111111111111111111111111111111111 010000000000000000000000000000000000000000000000 00011111111 00011111111 103 1 0 0
Z358O4.def 101111111111111111111111111111111111111111111111 010000000000000000000000000000000000000000000000 00111111111 00011111111 113 1 0 0
ZLava001.def 100111111001111111111111111111111111111111111111 000000000000000000000000000000000000000000000000 00111111111 00010000000 158 0 0 0
zzzz.def 011111111111111111111111111111111111111111111111 000000000000000000000000000000000000000000000000 00111111111 00011111111 207 1 1 0
ZDec0001.def 011111111111111111111111111111111111111111111111 000000000000000000000000000000000000000000000000 00111111111 00000010000 208 0 0 0
ZDec0002.def 001111111111111111111111111111111111111111111111 000000000000000000000000000000000000000000000000 00111111111 00000001000 208 0 0 0
ZDec0003.def 011111111111111111111111111111111111111111111111 000000000000000000000000000000000000000000000000 00111111111 00000001000 208 0 0 0
ZDec0004.def 001111111111111111111111111111111111111111111111 000000000000000000000000000000000000000000000000 00111111111 00000001000 208 0 0 0
ZDec0005.def 011111111111111111111111111111111111111111111111 000000000000000000000000000000000000000000000000 00111111111 00000000001 208 0 0 0
ZDec0007.def 011111111111111111111111111111111111111111111111 000000000000000000000000000000000000000000000000 00111111111 00000000010 208 0 0 0
ZDec0008.def 001111111111111111111111111111111111111111111111 000000000000000000000000000000000000000000000000 00111111111 00010000000 208 0 0 0
ZDec0009.def 001111111111111111111111111111111111111111111111 000000000000000000000000000000000000000000000000 00111111111 00000000100 208 0 0 0
ZDec0010.def 101111111111111111111111111111111111111111111111 000000000000000000000000000000000000000000000000 00111111111 00000100000 208 0 0 0
ZDec0011.def 101111111111111111111111111111111111111111111111 000000000000000000000000000000000000000000000000 00111111111 00000000001 208 0 0 0
ZDec0012.def 100111110000111111111111111111111111111111111111 000000000000000000000000000000000000000000000000 00111111111 00001000000 208 0 0 0
ZDec0013.def 100111110000111111111111111111111111111111111111 000000000000000000000000000000000000000000000000 00111111111 00010000000 208 0 0 0
ZDec0014.def 101111111001111100011111111111111111111111111111 000000000000000000000000000000000000000000000000 00111111111 00010000000 208 0 0 0
ZDec0015.def 101111111111111111111111111111111111111111111111 000000000000000000000000000000000000000000000000 00111111111 00010000000 208 0 0 0
ZReef1.def 001111111111111111111111111111111111111111111111 000000000000000000000000000000000000000000000000 00100000000 00100000000 208 0 0 0
ZReef2.def 011111111111111111111111111111111111111111111111 000000000000000000000000000000000000000000000000 00100000000 00100000000 208 0 0 0
ZReef3.def 001111111111111111111111111111111111111111111111 000000000000000000000000000000000000000000000000 00100000000 00100000000 208 0 0 0
ZReef4.def 011111111111111111111111111111111111111111111111 000000000000000000000000000000000000000000000000 00100000000 00100000000 208 0 0 0
ZReef5.def 001111111111111111111111111111111111111111111111 000000000000000000000000000000000000000000000000 00100000000 00100000000 208 0 0 0
ZWVolc1.def 011111111000111111111111111111111111111111111111 000000000000000000000000000000000000000000000000 00100000000 00100000000 208 0 0 0
Wall1.def 110111110001111101111111111111111111111111111111 000000000000000000000000000000000000000000000000 00111111111 00011111111 208 0 1 0
Wall2.def 011111110001111111011111111111111111111111111111 000000000000000000000000000000000000000000000000 00111111111 00011111111 208 0 1 0
ZFlame1.def 111111111111111111111111111111111111111111111111 000000000000000000000000000000000000000000000000 00111111111 00011111111 208 0 1 0
ZWFall01.def 111111111011111110001111110011111111111111111111 000000000000000000000000000000000000000000000000 00111111111 00011111111 208 0 1 1
ZWFall02.def 111111111100111100001111101111111111111111111111 000000000000000000000000000000000000000000000000 00111111111 00011111111 208 0 1 1
ZWFall03.def 111111111101111111111111111111111111111111111111 000000000000000000000000000000000000000000000000 00111111111 00011111111 208 0 1 1
ZWall001.def 111111110001111111111111111111111111111111111111 000000000000000000000000000000000000000000000000 00111111111 00011111111 208 0 1 0
ZWall002.def 100111111011111111111111111111111111111111111111 000000000000000000000000000000000000000000000000 00111111111 00011111111 208 0 1 0
ZWall003.def 001111111011111111111111111111111111111111111111 000000000000000000000000000000000000000000000000 00111111111 00011111111 208 0 1 0
ZObrevno.def 111111111111111111111111111111111111111111111111 000000000000000000000000000000000000000000000000 00111111111 00011111111 208 1 0 1
ZGarn002.def 011111110111111101111111111111111111111111111111 000000001000000000000000000000000000000000000000 00111111111 00011111111 219 0 0 0
