AVSarna0.def 000111110001111111111111111111111111111111111111 010000000000000000000000000000000000000000000000 00111111111 00011111111 4 0 0 0
AVA0127.def 011111111111111111111111111111111111111111111111 100000000000000000000000000000000000000000000000 00111111111 00011111111 5 127 4 0
AVA0129.def 011111111111111111111111111111111111111111111111 100000000000000000000000000000000000000000000000 00111111111 00011111111 5 128 4 0
AVGpixie.def 001111111111111111111111111111111111111111111111 100000000000000000000000000000000000000000000000 00111111111 00011111111 17 59 0 0
AVGelp.def 001111111111111111111111111111111111111111111111 100000000000000000000000000000000000000000000000 00111111111 00011111111 17 60 0 0
AVGfbrd.def 001111111111111111111111111111111111111111111111 100000000000000000000000000000000000000000000000 00111111111 00011111111 17 61 0 0
AVGazur.def 001111111111111111111111111111111111111111111111 100000000000000000000000000000000000000000000000 00111111111 00011111111 17 62 0 0
AVGcdrg.def 001111111111111111111111111111111111111111111111 100000000000000000000000000000000000000000000000 00111111111 00011111111 17 63 0 0
AVGfdrg.def 001111111111111111111111111111111111111111111111 100000000000000000000000000000000000000000000000 00111111111 00011111111 17 64 0 0
AVGrust.def 001111111111111111111111111111111111111111111111 100000000000000000000000000000000000000000000000 00111111111 00011111111 17 65 0 0
AVGench.def 001111111111111111111111111111111111111111111111 100000000000000000000000000000000000000000000000 00111111111 00011111111 17 66 0 0
AVGshrp.def 001111111111111111111111111111111111111111111111 100000000000000000000000000000000000000000000000 00111111111 00011111111 17 67 0 0
AVG2uni.def 001111111111111111111111111111111111111111111111 100000000000000000000000000000000000000000000000 00111111111 00011111111 17 68 0 0
AVG2ela.def 001111111111111111111111111111111111111111111111 100000000000000000000000000000000000000000000000 00111111111 00011111111 17 69 0 0
AVG2ele.def 001111111111111111111111111111111111111111111111 100000000000000000000000000000000000000000000000 00111111111 00011111111 17 70 0 0
AVG2elf.def 001111111111111111111111111111111111111111111111 100000000000000000000000000000000000000000000000 00111111111 00011111111 17 71 0 0
AVG2elw.def 001111111111111111111111111111111111111111111111 100000000000000000000000000000000000000000000000 00111111111 00011111111 17 72 0 0
AVGhalf.def 001111111111111111111111111111111111111111111111 100000000000000000000000000000000000000000000000 00111111111 00011111111 17 73 0 0
AVGpeas.def 001111111111111111111111111111111111111111111111 100000000000000000000000000000000000000000000000 00111111111 00011111111 17 74 0 0
AVGboar.def 001111110011111111111111111111111111111111111111 100000000000000000000000000000000000000000000000 00111111111 00011111111 17 75 0 0
AVGmumy.def 001111110011111111111111111111111111111111111111 010000000000000000000000000000000000000000000000 00111111111 00011111111 17 76 0 0
AVGnomd.def 001111111111111111111111111111111111111111111111 100000000000000000000000000000000000000000000000 00111111111 00011111111 17 77 0 0
AVGrog.def 001111111111111111111111111111111111111111111111 100000000000000000000000000000000000000000000000 00111111111 00011111111 17 78 0 0
AVGtrll.def 001111111011111111111111111111111111111111111111 100000000000000000000000000000000000000000000000 00111111111 00011111111 17 79 0 0
ah16_e.def 101111111111111111111111111111111111111111111111 010000000000000000000000000000000000000000000000 00011111111 00011111111 34 16 3 0
ah17_e.def 101111111111111111111111111111111111111111111111 010000000000000000000000000000000000000000000000 00011111111 00011111111 34 17 3 0
AVWpixie.def 011111111111111111111111111111111111111111111111 100000000000000000000000000000000000000000000000 00111111111 00011111111 54 118 2 0
AVWsprit.def 011111111111111111111111111111111111111111111111 100000000000000000000000000000000000000000000000 00111111111 00011111111 54 119 2 0
AVWpsye.def 011111111111111111111111111111111111111111111111 100000000000000000000000000000000000000000000000 00111111111 00011111111 54 120 2 0
AVWmagel.def 011111111111111111111111111111111111111111111111 100000000000000000000000000000000000000000000000 00111111111 00011111111 54 121 2 0
AVWicee.def 011111111111111111111111111111111111111111111111 100000000000000000000000000000000000000000000000 00111111111 00011111111 54 123 2 0
AVWstone.def 011111111111111111111111111111111111111111111111 100000000000000000000000000000000000000000000000 00111111111 00011111111 54 125 2 0
AVWstorm.def 011111111111111111111111111111111111111111111111 100000000000000000000000000000000000000000000000 00111111111 00011111111 54 127 2 0
AVWnrg.def 011111111111111111111111111111111111111111111111 100000000000000000000000000000000000000000000000 00111111111 00011111111 54 129 2 0
AVWfbird.def 011111111111111111111111111111111111111111111111 100000000000000000000000000000000000000000000000 00111111111 00011111111 54 130 2 0
AVWphx.def 011111111111111111111111111111111111111111111111 100000000000000000000000000000000000000000000000 00111111111 00011111111 54 131 2 0
AVWazure.def 011111111111111111111111111111111111111111111111 100000000000000000000000000000000000000000000000 00111111111 00011111111 54 132 2 0
AVWcdrg.def 011111111111111111111111111111111111111111111111 100000000000000000000000000000000000000000000000 00111111111 00011111111 54 133 2 0
AVWfdrg.def 011111111111111111111111111111111111111111111111 100000000000000000000000000000000000000000000000 00111111111 00011111111 54 134 2 0
AVWrust.def 011111111111111111111111111111111111111111111111 100000000000000000000000000000000000000000000000 00111111111 00011111111 54 135 2 0
AVWench.def 011111111111111111111111111111111111111111111111 100000000000000000000000000000000000000000000000 00111111111 00011111111 54 136 2 0
AVWsharp.def 011111111111111111111111111111111111111111111111 100000000000000000000000000000000000000000000000 00111111111 00011111111 54 137 2 0
AVWhalf.def 011111111111111111111111111111111111111111111111 100000000000000000000000000000000000000000000000 00111111111 00011111111 54 138 2 0
AVWpeas.def 011111111111111111111111111111111111111111111111 100000000000000000000000000000000000000000000000 00111111111 00011111111 54 139 2 0
AVWboar.def 011111111111111111111111111111111111111111111111 100000000000000000000000000000000000000000000000 00111111111 00011111111 54 140 2 0
AVWmumy.def 011111111111111111111111111111111111111111111111 100000000000000000000000000000000000000000000000 00111111111 00011111111 54 141 2 0
AVWnomd.def 011111111111111111111111111111111111111111111111 100000000000000000000000000000000000000000000000 00111111111 00011111111 54 142 2 0
AVWrog.def 011111111111111111111111111111111111111111111111 100000000000000000000000000000000000000000000000 00111111111 00011111111 54 143 2 0
AVWtrll.def 011111111111111111111111111111111111111111111111 100000000000000000000000000000000000000000000000 00111111111 00011111111 54 144 2 0
avchforx.def 000001110000011110001111111111111111111111111111 001000000000000000000000000000000000000000000000 00011111111 00011111111 98 8 1 0
AVLlk1r.def 000011111001111111111111111111111111111111111111 000000000000000000000000000000000000000000000000 00111111111 00000100000 177 0 0 0
AVLtRo00.def 011111111111111111111111111111111111111111111111 000000000000000000000000000000000000000000000000 00111111111 00000100000 199 0 0 0
AVLtRo01.def 011111111111111111111111111111111111111111111111 000000000000000000000000000000000000000000000000 00111111111 00000100000 199 0 0 0
AVLtRo02.def 011111111111111111111111111111111111111111111111 000000000000000000000000000000000000000000000000 00111111111 00000100000 199 0 0 0
AVLtRo03.def 011111111111111111111111111111111111111111111111 000000000000000000000000000000000000000000000000 00111111111 00000100000 199 0 0 0
AVLtRo04.def 011111111111111111111111111111111111111111111111 000000000000000000000000000000000000000000000000 00111111111 00000100000 199 0 0 0
AVLtRo05.def 011111111111111111111111111111111111111111111111 000000000000000000000000000000000000000000000000 00111111111 00000100000 199 0 0 0
AVLtRo06.def 011111111111111111111111111111111111111111111111 000000000000000000000000000000000000000000000000 00111111111 00000100000 199 0 0 0
AVLtRo07.def 011111111111111111111111111111111111111111111111 000000000000000000000000000000000000000000000000 00111111111 00000100000 199 0 0 0
AVLtRo08.def 011111111111111111111111111111111111111111111111 000000000000000000000000000000000000000000000000 00111111111 00000100000 199 0 0 0
AVLtRo09.def 011111111111111111111111111111111111111111111111 000000000000000000000000000000000000000000000000 00111111111 00000100000 199 0 0 0
AVLtRo10.def 011111111111111111111111111111111111111111111111 000000000000000000000000000000000000000000000000 00111111111 00000100000 199 0 0 0
AVLtRo11.def 011111111111111111111111111111111111111111111111 000000000000000000000000000000000000000000000000 00111111111 00000100000 199 0 0 0
AVLtRo12.def 011111111111111111111111111111111111111111111111 000000000000000000000000000000000000000000000000 00111111111 00000100000 199 0 0 0
AVLtrRo0.def 001111111001111111111111111111111111111111111111 000000000000000000000000000000000000000000000000 00111111111 00000100000 199 0 0 0
AVLtrRo1.def 100111110011111111111111111111111111111111111111 000000000000000000000000000000000000000000000000 00111111111 00000100000 199 0 0 0
AVLtrRo2.def 001111111001111111111111111111111111111111111111 000000000000000000000000000000000000000000000000 00111111111 00000100000 199 0 0 0
AVLtrRo3.def 100111110011111111111111111111111111111111111111 000000000000000000000000000000000000000000000000 00111111111 00000100000 199 0 0 0
AVLtrRo4.def 001111111001111111111111111111111111111111111111 000000000000000000000000000000000000000000000000 00111111111 00000100000 199 0 0 0
AVLtrRo5.def 100111110011111111111111111111111111111111111111 000000000000000000000000000000000000000000000000 00111111111 00000100000 199 0 0 0
AVLtrRo6.def 011111111111111111111111111111111111111111111111 000000000000000000000000000000000000000000000000 00111111111 00000100000 199 0 0 0
AVLtrRo7.def 011111111111111111111111111111111111111111111111 000000000000000000000000000000000000000000000000 00111111111 00000100000 199 0 0 0
avlswt00.def 011111111111111111111111111111111111111111111111 000000000000000000000000000000000000000000000000 00111111111 00000010000 199 0 0 0
avlswt01.def 011111111111111111111111111111111111111111111111 000000000000000000000000000000000000000000000000 00111111111 00000010000 199 0 0 0
avlswt02.def 011111111111111111111111111111111111111111111111 000000000000000000000000000000000000000000000000 00111111111 00000010000 199 0 0 0
avlswt03.def 011111111111111111111111111111111111111111111111 000000000000000000000000000000000000000000000000 00111111111 00000010000 199 0 0 0
avlswt04.def 011111111111111111111111111111111111111111111111 000000000000000000000000000000000000000000000000 00111111111 00000010000 199 0 0 0
avlswt05.def 011111111111111111111111111111111111111111111111 000000000000000000000000000000000000000000000000 00111111111 00000010000 199 0 0 0
avlswt06.def 011111111111111111111111111111111111111111111111 000000000000000000000000000000000000000000000000 00111111111 00000010000 199 0 0 0
avlswt07.def 011111111111111111111111111111111111111111111111 000000000000000000000000000000000000000000000000 00111111111 00000010000 199 0 0 0
avlswt08.def 011111111111111111111111111111111111111111111111 000000000000000000000000000000000000000000000000 00111111111 00000010000 199 0 0 0
avlswt09.def 011111111111111111111111111111111111111111111111 000000000000000000000000000000000000000000000000 00111111111 00000010000 199 0 0 0
avlswt10.def 011111111111111111111111111111111111111111111111 000000000000000000000000000000000000000000000000 00111111111 00000010000 199 0 0 0
avlswt11.def 011111111111111111111111111111111111111111111111 000000000000000000000000000000000000000000000000 00111111111 00000010000 199 0 0 0
avlswt12.def 011111111111111111111111111111111111111111111111 000000000000000000000000000000000000000000000000 00111111111 00000010000 199 0 0 0
avlswt13.def 011111111111111111111111111111111111111111111111 000000000000000000000000000000000000000000000000 00111111111 00000010000 199 0 0 0
avlswt14.def 011111111111111111111111111111111111111111111111 000000000000000000000000000000000000000000000000 00111111111 00000010000 199 0 0 0
avlswt15.def 011111111111111111111111111111111111111111111111 000000000000000000000000000000000000000000000000 00111111111 00000010000 199 0 0 0
avlswt16.def 011111111111111111111111111111111111111111111111 000000000000000000000000000000000000000000000000 00111111111 00000010000 199 0 0 0
avlswt17.def 011111111111111111111111111111111111111111111111 000000000000000000000000000000000000000000000000 00111111111 00000010000 199 0 0 0
avlswt18.def 011111111111111111111111111111111111111111111111 000000000000000000000000000000000000000000000000 00111111111 00000010000 199 0 0 0
avlswt19.def 011111111111111111111111111111111111111111111111 000000000000000000000000000000000000000000000000 00111111111 00000010000 199 0 0 0
avlswtr0.def 001111111001111111111111111111111111111111111111 000000000000000000000000000000000000000000000000 00111111111 00000010000 199 0 0 0
avlswtr1.def 100111110011111111111111111111111111111111111111 000000000000000000000000000000000000000000000000 00111111111 00000010000 199 0 0 0
avlswtr2.def 001111111001111111111111111111111111111111111111 000000000000000000000000000000000000000000000000 00111111111 00000010000 199 0 0 0
avlswtr3.def 100111110011111111111111111111111111111111111111 000000000000000000000000000000000000000000000000 00111111111 00000010000 199 0 0 0
avlswtr4.def 101111110001111110011111111111111111111111111111 000000000000000000000000000000000000000000000000 00111111111 00000010000 199 0 0 0
avlswtr5.def 101001111100111111111111111111111111111111111111 000000000000000000000000000000000000000000000000 00111111111 00000010000 199 0 0 0
avlswtr6.def 101111111011111111111111111111111111111111111111 000000000000000000000000000000000000000000000000 00111111111 00000010000 199 0 0 0
avlswtr7.def 000111111011111111111111111111111111111111111111 000000000000000000000000000000000000000000000000 00111111111 00000010000 199 0 0 0
avlswtr8.def 001111110011111111111111111111111111111111111111 000000000000000000000000000000000000000000000000 00111111111 00000010000 199 0 0 0
avlswtr9.def 100011110010011111111111111111111111111111111111 000000000000000000000000000000000000000000000000 00111111111 00000010000 199 0 0 0
avlxds01.def 001111110011111111111111111111111111111111111111 000000000000000000000000000000000000000000000000 00111111111 00000000010 206 0 0 0
avlxds02.def 001111110011111111111111111111111111111111111111 000000000000000000000000000000000000000000000000 00111111111 00000000010 206 0 0 0
avlxds03.def 001111111111111111111111111111111111111111111111 000000000000000000000000000000000000000000000000 00111111111 00000000010 206 0 0 0
avlxds04.def 001111110011111111111111111111111111111111111111 000000000000000000000000000000000000000000000000 00111111111 00000000010 206 0 0 0
avlxds05.def 001111111011111111111111111111111111111111111111 000000000000000000000000000000000000000000000000 00111111111 00000000010 206 0 0 0
avlxds06.def 001111110011111111111111111111111111111111111111 000000000000000000000000000000000000000000000000 00111111111 00000000010 206 0 0 0
avlxds07.def 000111111111111111111111111111111111111111111111 000000000000000000000000000000000000000000000000 00111111111 00000000010 206 0 0 0
avlxds08.def 000111111111111111111111111111111111111111111111 000000000000000000000000000000000000000000000000 00111111111 00000000010 206 0 0 0
avlxds09.def 000111111111111111111111111111111111111111111111 000000000000000000000000000000000000000000000000 00111111111 00000000010 206 0 0 0
avlxds10.def 011111111111111111111111111111111111111111111111 000000000000000000000000000000000000000000000000 00111111111 00000000010 206 0 0 0
avlxds11.def 011111111111111111111111111111111111111111111111 000000000000000000000000000000000000000000000000 00111111111 00000000010 206 0 0 0
avlxds12.def 011111111111111111111111111111111111111111111111 000000000000000000000000000000000000000000000000 00111111111 00000000010 206 0 0 0
avlxdt00.def 001111111111111111111111111111111111111111111111 000000000000000000000000000000000000000000000000 00111111111 00000000001 207 0 0 0
avlxdt01.def 001111111111111111111111111111111111111111111111 000000000000000000000000000000000000000000000000 00111111111 00000000001 207 0 0 0
avlxdt02.def 001111111111111111111111111111111111111111111111 000000000000000000000000000000000000000000000000 00111111111 00000000001 207 0 0 0
avlxdt03.def 001111111111111111111111111111111111111111111111 000000000000000000000000000000000000000000000000 00111111111 00000000001 207 0 0 0
avlxdt04.def 001111111111111111111111111111111111111111111111 000000000000000000000000000000000000000000000000 00111111111 00000000001 207 0 0 0
avlxdt05.def 001111111111111111111111111111111111111111111111 000000000000000000000000000000000000000000000000 00111111111 00000000001 207 0 0 0
avlxdt06.def 000111111111111111111111111111111111111111111111 000000000000000000000000000000000000000000000000 00111111111 00000000001 207 0 0 0
avlxdt07.def 000111111111111111111111111111111111111111111111 000000000000000000000000000000000000000000000000 00111111111 00000000001 207 0 0 0
avlxdt08.def 000111111111111111111111111111111111111111111111 000000000000000000000000000000000000000000000000 00111111111 00000000001 207 0 0 0
avlxdt09.def 000111111111111111111111111111111111111111111111 000000000000000000000000000000000000000000000000 00111111111 00000000001 207 0 0 0
avlxdt10.def 000111111111111111111111111111111111111111111111 000000000000000000000000000000000000000000000000 00111111111 00000000001 207 0 0 0
avlxdt11.def 000111111111111111111111111111111111111111111111 000000000000000000000000000000000000000000000000 00111111111 00000000001 207 0 0 0
avlxgr01.def 001111111111111111111111111111111111111111111111 000000000000000000000000000000000000000000000000 00111111111 00000000100 208 0 0 0
avlxgr02.def 001111111111111111111111111111111111111111111111 000000000000000000000000000000000000000000000000 00111111111 00000000100 208 0 0 0
avlxgr03.def 001111111111111111111111111111111111111111111111 000000000000000000000000000000000000000000000000 00111111111 00000000100 208 0 0 0
avlxgr04.def 001111110011111111111111111111111111111111111111 000000000000000000000000000000000000000000000000 00111111111 00000000100 208 0 0 0
avlxgr05.def 001111111111111111111111111111111111111111111111 000000000000000000000000000000000000000000000000 00111111111 00000000100 208 0 0 0
avlxgr06.def 001111110011111111111111111111111111111111111111 000000000000000000000000000000000000000000000000 00111111111 00000000100 208 0 0 0
avlxgr07.def 000111111111111111111111111111111111111111111111 000000000000000000000000000000000000000000000000 00111111111 00000000100 208 0 0 0
avlxgr08.def 000111111111111111111111111111111111111111111111 000000000000000000000000000000000000000000000000 00111111111 00000000100 208 0 0 0
avlxgr09.def 000111111111111111111111111111111111111111111111 000000000000000000000000000000000000000000000000 00111111111 00000000100 208 0 0 0
avlxgr10.def 011111111111111111111111111111111111111111111111 000000000000000000000000000000000000000000000000 00111111111 00000000100 208 0 0 0
avlxgr11.def 011111111111111111111111111111111111111111111111 000000000000000000000000000000000000000000000000 00111111111 00000000100 208 0 0 0
avlxgr12.def 011111111111111111111111111111111111111111111111 000000000000000000000000000000000000000000000000 00111111111 00000000100 208 0 0 0
avlxro01.def 001111111111111111111111111111111111111111111111 000000000000000000000000000000000000000000000000 00111111111 00000100000 209 0 0 0
avlxro02.def 001111110011111111111111111111111111111111111111 000000000000000000000000000000000000000000000000 00111111111 00000100000 209 0 0 0
avlxro03.def 001111110111111111111111111111111111111111111111 000000000000000000000000000000000000000000000000 00111111111 00000100000 209 0 0 0
avlxro04.def 001111110011111111111111111111111111111111111111 000000000000000000000000000000000000000000000000 00111111111 00000100000 209 0 0 0
avlxro05.def 001111111111111111111111111111111111111111111111 000000000000000000000000000000000000000000000000 00111111111 00000100000 209 0 0 0
avlxro06.def 001111110011111111111111111111111111111111111111 000000000000000000000000000000000000000000000000 00111111111 00000100000 209 0 0 0
avlxro07.def 000111111111111111111111111111111111111111111111 000000000000000000000000000000000000000000000000 00111111111 00000100000 209 0 0 0
avlxro08.def 000111111111111111111111111111111111111111111111 000000000000000000000000000000000000000000000000 00111111111 00000100000 209 0 0 0
avlxro09.def 000111111111111111111111111111111111111111111111 000000000000000000000000000000000000000000000000 00111111111 00000100000 209 0 0 0
avlxro10.def 011111111111111111111111111111111111111111111111 000000000000000000000000000000000000000000000000 00111111111 00000100000 209 0 0 0
avlxro11.def 011111111111111111111111111111111111111111111111 000000000000000000000000000000000000000000000000 00111111111 00000100000 209 0 0 0
avlxro12.def 011111111111111111111111111111111111111111111111 000000000000000000000000000000000000000000000000 00111111111 00000100000 209 0 0 0
avlxsu01.def 001111110011111111111111111111111111111111111111 000000000000000000000000000000000000000000000000 00111111111 00001000000 210 0 0 0
avlxsu02.def 001111110011111111111111111111111111111111111111 000000000000000000000000000000000000000000000000 00111111111 00001000000 210 0 0 0
avlxsu03.def 001111110011111111111111111111111111111111111111 000000000000000000000000000000000000000000000000 00111111111 00001000000 210 0 0 0
avlxsu04.def 001111110011111111111111111111111111111111111111 000000000000000000000000000000000000000000000000 00111111111 00001000000 210 0 0 0
avlxsu05.def 001111111111111111111111111111111111111111111111 000000000000000000000000000000000000000000000000 00111111111 00001000000 210 0 0 0
avlxsu06.def 001111110111111111111111111111111111111111111111 000000000000000000000000000000000000000000000000 00111111111 00001000000 210 0 0 0
avlxsu07.def 000111111111111111111111111111111111111111111111 000000000000000000000000000000000000000000000000 00111111111 00001000000 210 0 0 0
avlxsu08.def 000111111111111111111111111111111111111111111111 000000000000000000000000000000000000000000000000 00111111111 00001000000 210 0 0 0
avlxsu09.def 000111111111111111111111111111111111111111111111 000000000000000000000000000000000000000000000000 00111111111 00001000000 210 0 0 0
avlxsu10.def 011111111111111111111111111111111111111111111111 000000000000000000000000000000000000000000000000 00111111111 00001000000 210 0 0 0
avlxsu11.def 011111111111111111111111111111111111111111111111 000000000000000000000000000000000000000000000000 00111111111 00001000000 210 0 0 0
avlxsu12.def 011111111111111111111111111111111111111111111111 000000000000000000000000000000000000000000000000 00111111111 00001000000 210 0 0 0
avlxsw01.def 001111110011111111111111111111111111111111111111 000000000000000000000000000000000000000000000000 00111111111 00000010000 211 0 0 0
avlxsw02.def 001111110011111111111111111111111111111111111111 000000000000000000000000000000000000000000000000 00111111111 00000010000 211 0 0 0
avlxsw03.def 001111110011111111111111111111111111111111111111 000000000000000000000000000000000000000000000000 00111111111 00000010000 211 0 0 0
avlxsw04.def 001111110011111111111111111111111111111111111111 000000000000000000000000000000000000000000000000 00111111111 00000010000 211 0 0 0
avlxsw05.def 001111110011111111111111111111111111111111111111 000000000000000000000000000000000000000000000000 00111111111 00000010000 211 0 0 0
avlxsw06.def 001111110011111111111111111111111111111111111111 000000000000000000000000000000000000000000000000 00111111111 00000010000 211 0 0 0
avlxsw07.def 000111111111111111111111111111111111111111111111 000000000000000000000000000000000000000000000000 00111111111 00000010000 211 0 0 0
avlxsw08.def 000111111111111111111111111111111111111111111111 000000000000000000000000000000000000000000000000 00111111111 00000010000 211 0 0 0
avlxsw09.def 000111111111111111111111111111111111111111111111 000000000000000000000000000000000000000000000000 00111111111 00000010000 211 0 0 0
avlxsw10.def 011111111111111111111111111111111111111111111111 000000000000000000000000000000000000000000000000 00111111111 00000010000 211 0 0 0
avlxsw11.def 011111111111111111111111111111111111111111111111 000000000000000000000000000000000000000000000000 00111111111 00000010000 211 0 0 0
avxbgt00.def 000111111111111111111111111111111111111111111111 010000000000000000000000000000000000000000000000 00111111111 00011111111 212 0 0 0
avxbgt10.def 000111111111111111111111111111111111111111111111 010000000000000000000000000000000000000000000000 00111111111 00011111111 212 1 0 0
avxbgt20.def 000111111111111111111111111111111111111111111111 010000000000000000000000000000000000000000000000 00111111111 00011111111 212 2 0 0
avxbgt30.def 000111111111111111111111111111111111111111111111 010000000000000000000000000000000000000000000000 00111111111 00011111111 212 3 0 0
avxbgt40.def 000111111111111111111111111111111111111111111111 010000000000000000000000000000000000000000000000 00111111111 00011111111 212 4 0 0
avxbgt50.def 000111111111111111111111111111111111111111111111 010000000000000000000000000000000000000000000000 00111111111 00011111111 212 5 0 0
avxbgt60.def 000111111111111111111111111111111111111111111111 010000000000000000000000000000000000000000000000 00111111111 00011111111 212 6 0 0
avxbgt70.def 000111111111111111111111111111111111111111111111 010000000000000000000000000000000000000000000000 00111111111 00011111111 212 7 0 0
avxfgld.def 000111111111111111111111111111111111111111111111 010000000000000000000000000000000000000000000000 00111111111 00011111111 213 0 0 0
AHplace.def 101111111111111111111111111111111111111111111111 010000000000000000000000000000000000000000000000 00011111111 00011111111 214 0 3 0
avxbor80.def 011111111111111111111111111111111111111111111111 100000000000000000000000000000000000000000000000 00111111111 00011111111 215 0 0 0
avrcgen0.def 001111110011111111111111111111111111111111111111 110000000000000000000000000000000000000000000000 00111111111 00011111111 216 0 0 0
avrcgen1.def 001111110011111111111111111111111111111111111111 110000000000000000000000000000000000000000000000 00111111111 00011111111 217 0 0 0
avrcgen2.def 001111110011111111111111111111111111111111111111 110000000000000000000000000000000000000000000000 00111111111 00011111111 217 1 0 0
avrcgen3.def 001111110011111111111111111111111111111111111111 110000000000000000000000000000000000000000000000 00111111111 00011111111 217 2 0 0
avrcgen4.def 001111110011111111111111111111111111111111111111 110000000000000000000000000000000000000000000000 00111111111 00011111111 217 3 0 0
avrcgen5.def 001111110011111111111111111111111111111111111111 110000000000000000000000000000000000000000000000 00111111111 00011111111 217 4 0 0
avrcgen6.def 001111110011111111111111111111111111111111111111 110000000000000000000000000000000000000000000000 00111111111 00011111111 217 5 0 0
avrcgen7.def 001111110011111111111111111111111111111111111111 110000000000000000000000000000000000000000000000 00111111111 00011111111 217 6 0 0
avrcgn00.def 001111110011111111111111111111111111111111111111 110000000000000000000000000000000000000000000000 00111111111 00011111111 218 0 0 0
avrcgn01.def 001111110011111111111111111111111111111111111111 110000000000000000000000000000000000000000000000 00111111111 00011111111 218 1 0 0
avrcgn02.def 001111110011111111111111111111111111111111111111 110000000000000000000000000000000000000000000000 00111111111 00011111111 218 2 0 0
avrcgn03.def 001111110011111111111111111111111111111111111111 110000000000000000000000000000000000000000000000 00111111111 00011111111 218 3 0 0
avrcgn04.def 001111110011111111111111111111111111111111111111 110000000000000000000000000000000000000000000000 00111111111 00011111111 218 4 0 0
avrcgn05.def 001111110011111111111111111111111111111111111111 110000000000000000000000000000000000000000000000 00111111111 00011111111 218 5 0 0
avrcgn06.def 001111110011111111111111111111111111111111111111 110000000000000000000000000000000000000000000000 00111111111 00011111111 218 6 0 0
avrcgn07.def 001111110011111111111111111111111111111111111111 110000000000000000000000000000000000000000000000 00111111111 00011111111 218 7 0 0
avrcgn08.def 001111110011111111111111111111111111111111111111 110000000000000000000000000000000000000000000000 00111111111 00011111111 218 8 0 0
AVCvgr.def 011111110111111101111111111111111111111111111111 000000001000000000000000000000000000000000000000 00111111111 00011111111 219 0 0 0
avcvgarm.def 011111110111111101111111111111111111111111111111 000000001000000000000000000000000000000000000000 00111111111 00011111111 219 1 0 0
AVXamDs.def 000111110001111111111111111111111111111111111111 010000000000000000000000000000000000000000000000 00111111111 00000000010 220 7 0 0
AVXamGr.def 000111111111111111111111111111111111111111111111 010000000000000000000000000000000000000000000000 00111111111 00000000100 220 7 0 0
AVXamLv.def 000111111011111111111111111111111111111111111111 010000000000000000000000000000000000000000000000 00111111111 00010000000 220 7 0 0
AVXamRo.def 000111110011111111111111111111111111111111111111 010000000000000000000000000000000000000000000000 00111111111 00000100000 220 7 0 0
AVXamSn.def 000111111111111111111111111111111111111111111111 010000000000000000000000000000000000000000000000 00111111111 00000001000 220 7 0 0
AVXamSu.def 000111111111111111111111111111111111111111111111 010000000000000000000000000000000000000000000000 00111111111 00001000000 220 7 0 0
AVXamSw.def 000111110001111111111111111111111111111111111111 010000000000000000000000000000000000000000000000 00111111111 00000010000 220 7 0 0
AVXpsSn.def 001111111111111111111111111111111111111111111111 100000000000000000000000000000000000000000000000 00111111111 00000001000 221 0 0 0
