AVA0130.def 011111111111111111111111111111111111111111111111 100000000000000000000000000000000000000000000000 00111111111 00011111111 5 129 4 0
AVA0131.def 011111111111111111111111111111111111111111111111 100000000000000000000000000000000000000000000000 00111111111 00011111111 5 130 4 0
AVA0132.def 011111111111111111111111111111111111111111111111 100000000000000000000000000000000000000000000000 00111111111 00011111111 5 131 4 0
AVA0133.def 011111111111111111111111111111111111111111111111 100000000000000000000000000000000000000000000000 00111111111 00011111111 5 132 4 0
AVA0134.def 011111111111111111111111111111111111111111111111 100000000000000000000000000000000000000000000000 00111111111 00011111111 5 133 4 0
AVA0135.def 011111111111111111111111111111111111111111111111 100000000000000000000000000000000000000000000000 00111111111 00011111111 5 134 4 0
AVA0136.def 011111111111111111111111111111111111111111111111 100000000000000000000000000000000000000000000000 00111111111 00011111111 5 135 4 0
AVA0137.def 011111111111111111111111111111111111111111111111 100000000000000000000000000000000000000000000000 00111111111 00011111111 5 136 4 0
AVA0138.def 011111111111111111111111111111111111111111111111 100000000000000000000000000000000000000000000000 00111111111 00011111111 5 137 4 0
AVA0139.def 011111111111111111111111111111111111111111111111 100000000000000000000000000000000000000000000000 00111111111 00011111111 5 138 4 0
AVA0140.def 011111111111111111111111111111111111111111111111 100000000000000000000000000000000000000000000000 00111111111 00011111111 5 139 4 0
AVA0141.def 011111111111111111111111111111111111111111111111 100000000000000000000000000000000000000000000000 00111111111 00011111111 5 140 4 0
AVXcrsd0.def 111111111111111111111111111111111111111111111111 000000000000000000000000000000000000000000000000 00111111111 00011111111 21 0 0 1
AVXmn4i0.def 011111111111111111111111111111111111111111111111 100000000000000000000000000000000000000000000000 00011111111 00011111111 43 3 0 0
AVXmn5i0.def 001111111111111111111111111111111111111111111111 010000000000000000000000000000000000000000000000 00011111111 00011111111 43 4 0 0
AVXmn6i0.def 001111111111111111111111111111111111111111111111 010000000000000000000000000000000000000000000000 00011111111 00011111111 43 5 0 0
AVXmn7i0.def 001111111111111111111111111111111111111111111111 010000000000000000000000000000000000000000000000 00011111111 00011111111 43 6 0 0
AVXmn8i0.def 001111111111111111111111111111111111111111111111 010000000000000000000000000000000000000000000000 00011111111 00011111111 43 7 0 0
AVXmn4o0.def 011111111111111111111111111111111111111111111111 100000000000000000000000000000000000000000000000 00011111111 00011111111 44 3 0 0
AVXmn5o0.def 001111111111111111111111111111111111111111111111 010000000000000000000000000000000000000000000000 00011111111 00011111111 44 4 0 0
AVXmn6o0.def 001111111111111111111111111111111111111111111111 010000000000000000000000000000000000000000000000 00011111111 00011111111 44 5 0 0
AVXmn7o0.def 001111111111111111111111111111111111111111111111 010000000000000000000000000000000000000000000000 00011111111 00011111111 44 6 0 0
AVXmn8o0.def 001111111111111111111111111111111111111111111111 010000000000000000000000000000000000000000000000 00011111111 00011111111 44 7 0 0
AVXmn4b0.def 011111111111111111111111111111111111111111111111 100000000000000000000000000000000000000000000000 00011111111 00011111111 45 3 0 0
AVXmn5b0.def 001111111111111111111111111111111111111111111111 010000000000000000000000000000000000000000000000 00011111111 00011111111 45 4 0 0
AVXmn6b0.def 001111111111111111111111111111111111111111111111 010000000000000000000000000000000000000000000000 00011111111 00011111111 45 5 0 0
AVXmn7b0.def 001111111111111111111111111111111111111111111111 010000000000000000000000000000000000000000000000 00011111111 00011111111 45 6 0 0
AVXmn8b0.def 001111111111111111111111111111111111111111111111 010000000000000000000000000000000000000000000000 00011111111 00011111111 45 7 0 0
AVXplns0.def 111111111111111111111111111111111111111111111111 000000000000000000000000000000000000000000000000 00111111111 00011111111 46 0 0 1
AVXcf0.def 111111111111111111111111111111111111111111111111 000000000000000000000000000000000000000000000000 00111111111 00011111111 222 0 0 1
AVXcf1.def 111111111111111111111111111111111111111111111111 000000000000000000000000000000000000000000000000 00111111111 00011111111 222 0 0 1
AVXcf2.def 111111111111111111111111111111111111111111111111 000000000000000000000000000000000000000000000000 00111111111 00011111111 222 0 0 1
AVXcf3.def 111111111111111111111111111111111111111111111111 000000000000000000000000000000000000000000000000 00111111111 00011111111 222 0 0 1
AVXcf4.def 111111111111111111111111111111111111111111111111 000000000000000000000000000000000000000000000000 00111111111 00011111111 222 0 0 1
AVXcf5.def 111111111111111111111111111111111111111111111111 000000000000000000000000000000000000000000000000 00111111111 00011111111 222 0 0 1
AVXcf6.def 111111111111111111111111111111111111111111111111 000000000000000000000000000000000000000000000000 00111111111 00011111111 222 0 0 1
AVXcf7.def 111111111111111111111111111111111111111111111111 000000000000000000000000000000000000000000000000 00111111111 00011111111 222 0 0 1
AVXcg1.def 111111111111111111111111111111111111111111111111 000000000000000000000000000000000000000000000000 00111111111 00011111111 223 0 0 1
AVXcg2.def 111111111111111111111111111111111111111111111111 000000000000000000000000000000000000000000000000 00111111111 00011111111 223 0 0 1
AVXcg3.def 111111111111111111111111111111111111111111111111 000000000000000000000000000000000000000000000000 00111111111 00011111111 223 0 0 1
AVXcg4.def 111111111111111111111111111111111111111111111111 000000000000000000000000000000000000000000000000 00111111111 00011111111 223 0 0 1
AVXcg5.def 111111111111111111111111111111111111111111111111 000000000000000000000000000000000000000000000000 00111111111 00011111111 223 0 0 1
AVXcg6.def 111111111111111111111111111111111111111111111111 000000000000000000000000000000000000000000000000 00111111111 00011111111 223 0 0 1
AVXcg7.def 111111111111111111111111111111111111111111111111 000000000000000000000000000000000000000000000000 00111111111 00011111111 223 0 0 1
AVXef0.def 111111111111111111111111111111111111111111111111 000000000000000000000000000000000000000000000000 00111111111 00011111111 224 0 0 1
AVXef1.def 111111111111111111111111111111111111111111111111 000000000000000000000000000000000000000000000000 00111111111 00011111111 224 0 0 1
AVXef2.def 111111111111111111111111111111111111111111111111 000000000000000000000000000000000000000000000000 00111111111 00011111111 224 0 0 1
AVXef3.def 111111111111111111111111111111111111111111111111 000000000000000000000000000000000000000000000000 00111111111 00011111111 224 0 0 1
AVXef4.def 111111111111111111111111111111111111111111111111 000000000000000000000000000000000000000000000000 00111111111 00011111111 224 0 0 1
AVXef5.def 111111111111111111111111111111111111111111111111 000000000000000000000000000000000000000000000000 00111111111 00011111111 224 0 0 1
AVXef6.def 111111111111111111111111111111111111111111111111 000000000000000000000000000000000000000000000000 00111111111 00011111111 224 0 0 1
AVXef7.def 111111111111111111111111111111111111111111111111 000000000000000000000000000000000000000000000000 00111111111 00011111111 224 0 0 1
AVXfw0.def 111111111111111111111111111111111111111111111111 000000000000000000000000000000000000000000000000 00100000000 00100000000 225 0 0 1
AVXfw1.def 111111111111111111111111111111111111111111111111 000000000000000000000000000000000000000000000000 00100000000 00100000000 225 0 0 1
AVXfw2.def 111111111111111111111111111111111111111111111111 000000000000000000000000000000000000000000000000 00100000000 00100000000 225 0 0 1
AVXfw3.def 111111111111111111111111111111111111111111111111 000000000000000000000000000000000000000000000000 00100000000 00100000000 225 0 0 1
AVXfw4.def 111111111111111111111111111111111111111111111111 000000000000000000000000000000000000000000000000 00100000000 00100000000 225 0 0 1
AVXfw5.def 111111111111111111111111111111111111111111111111 000000000000000000000000000000000000000000000000 00100000000 00100000000 225 0 0 1
AVXfw6.def 111111111111111111111111111111111111111111111111 000000000000000000000000000000000000000000000000 00100000000 00100000000 225 0 0 1
AVXfw7.def 111111111111111111111111111111111111111111111111 000000000000000000000000000000000000000000000000 00100000000 00100000000 225 0 0 1
AVXff0.def 111111111111111111111111111111111111111111111111 000000000000000000000000000000000000000000000000 00111111111 00011111111 226 0 0 1
AVXff1.def 111111111111111111111111111111111111111111111111 000000000000000000000000000000000000000000000000 00111111111 00011111111 226 0 0 1
AVXff2.def 111111111111111111111111111111111111111111111111 000000000000000000000000000000000000000000000000 00111111111 00011111111 226 0 0 1
AVXff3.def 111111111111111111111111111111111111111111111111 000000000000000000000000000000000000000000000000 00111111111 00011111111 226 0 0 1
AVXff4.def 111111111111111111111111111111111111111111111111 000000000000000000000000000000000000000000000000 00111111111 00011111111 226 0 0 1
AVXff5.def 111111111111111111111111111111111111111111111111 000000000000000000000000000000000000000000000000 00111111111 00011111111 226 0 0 1
AVXff6.def 111111111111111111111111111111111111111111111111 000000000000000000000000000000000000000000000000 00111111111 00011111111 226 0 0 1
AVXff7.def 111111111111111111111111111111111111111111111111 000000000000000000000000000000000000000000000000 00111111111 00011111111 226 0 0 1
AVXhg0.def 111111111111111111111111111111111111111111111111 000000000000000000000000000000000000000000000000 00111111111 00011111111 227 0 0 1
AVXhg1.def 111111111111111111111111111111111111111111111111 000000000000000000000000000000000000000000000000 00111111111 00011111111 227 0 0 1
AVXhg2.def 111111111111111111111111111111111111111111111111 000000000000000000000000000000000000000000000000 00111111111 00011111111 227 0 0 1
AVXhg3.def 111111111111111111111111111111111111111111111111 000000000000000000000000000000000000000000000000 00111111111 00011111111 227 0 0 1
AVXhg4.def 111111111111111111111111111111111111111111111111 000000000000000000000000000000000000000000000000 00111111111 00011111111 227 0 0 1
AVXhg5.def 111111111111111111111111111111111111111111111111 000000000000000000000000000000000000000000000000 00111111111 00011111111 227 0 0 1
AVXhg6.def 111111111111111111111111111111111111111111111111 000000000000000000000000000000000000000000000000 00111111111 00011111111 227 0 0 1
AVXhg7.def 111111111111111111111111111111111111111111111111 000000000000000000000000000000000000000000000000 00111111111 00011111111 227 0 0 1
AVXlp0.def 111111111111111111111111111111111111111111111111 000000000000000000000000000000000000000000000000 00111111111 00011111111 228 0 0 1
AVXlp1.def 111111111111111111111111111111111111111111111111 000000000000000000000000000000000000000000000000 00111111111 00011111111 228 0 0 1
AVXlp2.def 111111111111111111111111111111111111111111111111 000000000000000000000000000000000000000000000000 00111111111 00011111111 228 0 0 1
AVXlp3.def 111111111111111111111111111111111111111111111111 000000000000000000000000000000000000000000000000 00111111111 00011111111 228 0 0 1
AVXlp4.def 111111111111111111111111111111111111111111111111 000000000000000000000000000000000000000000000000 00111111111 00011111111 228 0 0 1
AVXlp5.def 111111111111111111111111111111111111111111111111 000000000000000000000000000000000000000000000000 00111111111 00011111111 228 0 0 1
AVXlp6.def 111111111111111111111111111111111111111111111111 000000000000000000000000000000000000000000000000 00111111111 00011111111 228 0 0 1
AVXlp7.def 111111111111111111111111111111111111111111111111 000000000000000000000000000000000000000000000000 00111111111 00011111111 228 0 0 1
AVXmc0.def 111111111111111111111111111111111111111111111111 000000000000000000000000000000000000000000000000 00111111111 00011111111 229 0 0 1
AVXmc1.def 111111111111111111111111111111111111111111111111 000000000000000000000000000000000000000000000000 00111111111 00011111111 229 0 0 1
AVXmc2.def 111111111111111111111111111111111111111111111111 000000000000000000000000000000000000000000000000 00111111111 00011111111 229 0 0 1
AVXmc3.def 111111111111111111111111111111111111111111111111 000000000000000000000000000000000000000000000000 00111111111 00011111111 229 0 0 1
AVXmc4.def 111111111111111111111111111111111111111111111111 000000000000000000000000000000000000000000000000 00111111111 00011111111 229 0 0 1
AVXmc5.def 111111111111111111111111111111111111111111111111 000000000000000000000000000000000000000000000000 00111111111 00011111111 229 0 0 1
AVXmc6.def 111111111111111111111111111111111111111111111111 000000000000000000000000000000000000000000000000 00111111111 00011111111 229 0 0 1
AVXmc7.def 111111111111111111111111111111111111111111111111 000000000000000000000000000000000000000000000000 00111111111 00011111111 229 0 0 1
AVXmp1.def 111111111111111111111111111111111111111111111111 000000000000000000000000000000000000000000000000 00111111111 00011111111 230 0 0 1
AVXmp2.def 111111111111111111111111111111111111111111111111 000000000000000000000000000000000000000000000000 00111111111 00011111111 230 0 0 1
AVXmp3.def 111111111111111111111111111111111111111111111111 000000000000000000000000000000000000000000000000 00111111111 00011111111 230 0 0 1
AVXmp4.def 111111111111111111111111111111111111111111111111 000000000000000000000000000000000000000000000000 00111111111 00011111111 230 0 0 1
AVXmp5.def 111111111111111111111111111111111111111111111111 000000000000000000000000000000000000000000000000 00111111111 00011111111 230 0 0 1
AVXmp6.def 111111111111111111111111111111111111111111111111 000000000000000000000000000000000000000000000000 00111111111 00011111111 230 0 0 1
AVXmp7.def 111111111111111111111111111111111111111111111111 000000000000000000000000000000000000000000000000 00111111111 00011111111 230 0 0 1
AVXrk0.def 111111111111111111111111111111111111111111111111 000000000000000000000000000000000000000000000000 00111111111 00011111111 231 0 0 1
AVXrk1.def 111111111111111111111111111111111111111111111111 000000000000000000000000000000000000000000000000 00111111111 00011111111 231 0 0 1
AVXrk2.def 111111111111111111111111111111111111111111111111 000000000000000000000000000000000000000000000000 00111111111 00011111111 231 0 0 1
AVXrk3.def 111111111111111111111111111111111111111111111111 000000000000000000000000000000000000000000000000 00111111111 00011111111 231 0 0 1
AVXrk4.def 111111111111111111111111111111111111111111111111 000000000000000000000000000000000000000000000000 00111111111 00011111111 231 0 0 1
AVXrk5.def 111111111111111111111111111111111111111111111111 000000000000000000000000000000000000000000000000 00111111111 00011111111 231 0 0 1
AVXrk6.def 111111111111111111111111111111111111111111111111 000000000000000000000000000000000000000000000000 00111111111 00011111111 231 0 0 1
AVXrk7.def 111111111111111111111111111111111111111111111111 000000000000000000000000000000000000000000000000 00111111111 00011111111 231 0 0 1
